|57|Arianopoles Nº 57|Antigo 16|-376329|-3864960|61|16.00
|16|Pe. Julio Maria Nº 16|||-374011|-3867042|107|16.00
|4|PQ.SOLEDADE Nº 4|||-373858|-3865116|172|16.00
|6|SÃO GERARDO Nº 6|||-374187|-3863869|177|16.00
|81|METRÓPOLE (ELDORADO) N° 81|||-37720321|-386502917|120|16.00
|82|METRÓPOLE N° 82|||-376505|-3865692|82|15.00
|83|METROPOLITANO N° 83|||-375802|-3865838|89|16.00
|30|PQ. POTIRA 30|Antigo 1|-375899|-3862358|45|15.00
|32|PQ. POTIRA 32|||-375916|-3863576|26|15.00
|31|PQ. POTIRA 31|||-376451|-3862797|41|15.00
|15|Planalto Nº 15|||-37420315|-386656232|276|16.00
|34|PQ. POTIRA 34|||-374862|-3862310|52|15.00
|18|Marechal Rondon Nº 18|Antigo 6|-376944|-3862507|16|15.00
|33|PQ. POTIRA 33|||-375436|-3862425|36|15.00
|84|PQ. DAS NAÇOES N° 84|||-374922|-3860731|182|15.00
|12|Capuan Nº 12|||-373013|-3869913|99|15.00
|20|Marechal Rondon Nº 20|Antigo 8|-377165|-3861919|17|15.00
|1|Grilo Nº 1|||-372713|-3866229|78|16.00
|9|Itambé Nº 9|||-372642|-3864602|199|16.00
|21|Marechal Rondon Nº 21|Antigo 19|-37743337|-386248875|285|16.00
|85|PQ. ALBANO N° 85|||-376047|-3861572|184|16.00
|2|Araturi Nº 2|||-376694|-3863772|3|16.00
|19|Marechal Rondon Nº 19|Antigo 7|-377726|-3863030|71|16.00
|200|Cigana Nº 200|||-373893|-3865824|136|15.00
|3|Araturi Nº 3|||-37650544|-386406146|1|17.00
|44|Araturi Nº 44|Antigo 4 Araturi|-376909|-3863339|21|15.00
|14|Planalto Nº 14|||-374549|-3866475|106|18.00
|17|Pe. Julio Maria Nº 17|||-373801|-3866888|109|15.00
|55|Araturi Nº 55|Antigo 5|-376763|-3863121|24|16.00
|60|AÇUDE|||-373986|-3865447|207|17.00
|11|Capuan Nº 11|||-373473|-3869829|96|15.00
|8|Itambé Nº 8|||-372862|-3865132|196|15.00
|56|Araturi Nº 56|Antigo 18|-376989|-3863064|55|16.00
|13|Capuan Nº 13|||-373259|-3870427|101|15.00
|70|Porteiras N° 70|||-373770|-3876230|124|15.00
|71|JARDIM DO AMOR N° 71|||-373997|-3871163|121|15.00
|29|MESTRE ANTÔNIO Nº 11|||-370851|-3866415|211|15.00
|80|METRÓPOLE 5|||-377276|-3865693|112|16.00